base.acc = [0.574775, 0.602518, 0.585635, 0.566372, 0.586716];
base.f1 = [0.363112, 0.394101, 0.374376, 0.357835, 0.38598];
base.aupr = [0.48101, 0.50771, 0.45377, 0.45801, 0.50342];
pen32.cl2.acc = [0.589189, 0.616906, 0.598527, 0.59469, 0.625461];
pen32.cl2.f1 = [0.382874, 0.395739, 0.375208, 0.384491, 0.394426];
pen32.cl2.aupr = [0.5033, 0.53191, 0.4748, 0.48893, 0.52786];
pen32.cl4.acc = [0.587387, 0.622302, 0.611418, 0.59646, 0.627306];
pen32.cl4.f1 = [0.388637, 0.399017, 0.382696, 0.38126, 0.393581];
pen32.cl4.aupr = [0.50729, 0.53167, 0.48016, 0.49278, 0.52512];
pen32.cl8.acc = [0.596396, 0.629496, 0.609576, 0.59646, 0.625461];
pen32.cl8.f1 = [0.38452, 0.39492, 0.376872, 0.379645, 0.39527];
pen32.cl8.aupr = [0.50724, 0.53825, 0.47842, 0.49101, 0.53314];
pen32.cl16.acc = [0.590991, 0.624101, 0.618785, 0.6, 0.627306];
pen32.cl16.f1 = [0.391931, 0.403933, 0.386855, 0.380452, 0.398649];
pen32.cl16.aupr = [0.50716, 0.5374, 0.48316, 0.4975, 0.53096];
pen32.cl32.acc = [0.585586, 0.625899, 0.609576, 0.59823, 0.623616];
pen32.cl32.f1 = [0.391107, 0.405571, 0.381032, 0.387722, 0.399493];
pen32.cl32.aupr = [0.50752, 0.53378, 0.48082, 0.49765, 0.52919];
pen32.cl52.acc = [0.605405, 0.633094, 0.59116, 0.59823, 0.627306];
pen32.cl52.f1 = [0.396871, 0.402294, 0.385191, 0.384491, 0.399493];
pen32.cl52.aupr = [0.51292, 0.53933, 0.47821, 0.49646, 0.52943];
pen64.cl2.acc = [0.585586, 0.616906, 0.600368, 0.59115, 0.630996];
pen64.cl2.f1 = [0.385344, 0.397378, 0.373544, 0.385299, 0.39527];
pen64.cl2.aupr = [0.50563, 0.53361, 0.47436, 0.4891, 0.52674];
pen64.cl4.acc = [0.594595, 0.611511, 0.60221, 0.59292, 0.629151];
pen64.cl4.f1 = [0.385344, 0.393281, 0.3802, 0.379645, 0.391892];
pen64.cl4.aupr = [0.50716, 0.53553, 0.47596, 0.49142, 0.52439];
pen64.cl8.acc = [0.589189, 0.618705, 0.609576, 0.59469, 0.632841];
pen64.cl8.f1 = [0.387814, 0.400655, 0.377704, 0.377221, 0.396959];
pen64.cl8.aupr = [0.50916, 0.5347, 0.47886, 0.49212, 0.53109];
pen64.cl16.acc = [0.581982, 0.633094, 0.598527, 0.59469, 0.625461];
pen64.cl16.f1 = [0.395224, 0.403113, 0.383527, 0.38126, 0.401182];
pen64.cl16.aupr = [0.50879, 0.53801, 0.48005, 0.4955, 0.53161];
pen64.cl32.acc = [0.585586, 0.627698, 0.60221, 0.59292, 0.625461];
pen64.cl32.f1 = [0.389461, 0.408029, 0.378536, 0.386107, 0.398649];
pen64.cl32.aupr = [0.50836, 0.5344, 0.47929, 0.49722, 0.52834];
pen64.cl52.acc = [0.603604, 0.634892, 0.594843, 0.59646, 0.627306];
pen64.cl52.f1 = [0.396871, 0.40721, 0.386855, 0.387722, 0.402872];
pen64.cl52.aupr = [0.51351, 0.5397, 0.47856, 0.49966, 0.52913];
pen128.cl2.acc = [0.589189, 0.615108, 0.596685, 0.59823, 0.630996];
pen128.cl2.f1 = [0.386167, 0.396559, 0.37604, 0.382876, 0.392736];
pen128.cl2.aupr = [0.50607, 0.53378, 0.47467, 0.48985, 0.52664];
pen128.cl4.acc = [0.587387, 0.615108, 0.60221, 0.589381, 0.625461];
pen128.cl4.f1 = [0.391107, 0.396559, 0.377704, 0.385299, 0.399493];
pen128.cl4.aupr = [0.50797, 0.53485, 0.47695, 0.49211, 0.52955];
pen128.cl8.acc = [0.594595, 0.622302, 0.600368, 0.59115, 0.636531];
pen128.cl8.f1 = [0.392754, 0.401475, 0.381032, 0.383683, 0.396959];
pen128.cl8.aupr = [0.50796, 0.53468, 0.47844, 0.49089, 0.53043];
pen128.cl16.acc = [0.583784, 0.634892, 0.594843, 0.59292, 0.625461];
pen128.cl16.f1 = [0.391931, 0.403113, 0.381032, 0.382876, 0.402027];
pen128.cl16.aupr = [0.50874, 0.53757, 0.47797, 0.4944, 0.53073];
pen128.cl32.acc = [0.581982, 0.629496, 0.600368, 0.59292, 0.625461];
pen128.cl32.f1 = [0.389461, 0.40721, 0.378536, 0.386107, 0.402027];
pen128.cl32.aupr = [0.50888, 0.5349, 0.47887, 0.49804, 0.52802];
pen128.cl52.acc = [0.603604, 0.638489, 0.593002, 0.59469, 0.627306];
pen128.cl52.f1 = [0.396871, 0.40721, 0.386023, 0.384491, 0.401182];
pen128.cl52.aupr = [0.51408, 0.54098, 0.47922, 0.50063, 0.53049];
pen256.cl2.acc = [0.590991, 0.615108, 0.596685, 0.59646, 0.625461];
pen256.cl2.f1 = [0.386991, 0.395739, 0.376872, 0.384491, 0.394426];
pen256.cl2.aupr = [0.50629, 0.53403, 0.475, 0.49057, 0.5275];
pen256.cl4.acc = [0.590991, 0.618705, 0.600368, 0.59292, 0.629151];
pen256.cl4.f1 = [0.391107, 0.398197, 0.37604, 0.384491, 0.397804];
pen256.cl4.aupr = [0.50738, 0.5353, 0.47643, 0.49266, 0.52872];
pen256.cl8.acc = [0.592793, 0.618705, 0.60221, 0.580531, 0.638376];
pen256.cl8.f1 = [0.394401, 0.402294, 0.374376, 0.38853, 0.394426];
pen256.cl8.aupr = [0.50759, 0.53464, 0.4782, 0.49132, 0.53053];
pen256.cl16.acc = [0.583784, 0.636691, 0.589319, 0.59292, 0.625461];
pen256.cl16.f1 = [0.391107, 0.405571, 0.384359, 0.382876, 0.404561];
pen256.cl16.aupr = [0.50861, 0.53778, 0.47794, 0.49409, 0.53108];
pen256.cl32.acc = [0.583784, 0.629496, 0.600368, 0.59115, 0.623616];
pen256.cl32.f1 = [0.386991, 0.408849, 0.379368, 0.38853, 0.398649];
pen256.cl32.aupr = [0.50949, 0.5356, 0.4792, 0.49883, 0.52896];
pen256.cl52.acc = [0.607207, 0.638489, 0.59116, 0.59292, 0.627306];
pen256.cl52.f1 = [0.396048, 0.40721, 0.384359, 0.385299, 0.399493];
pen256.cl52.aupr = [0.51452, 0.54216, 0.48003, 0.50123, 0.53126];
pen512.cl2.acc = [0.590991, 0.615108, 0.596685, 0.59823, 0.627306];
pen512.cl2.f1 = [0.387814, 0.396559, 0.377704, 0.385299, 0.39527];
pen512.cl2.aupr = [0.50634, 0.53422, 0.47533, 0.49114, 0.52836];
pen512.cl4.acc = [0.590991, 0.622302, 0.598527, 0.589381, 0.630996];
pen512.cl4.f1 = [0.390284, 0.396559, 0.375208, 0.384491, 0.398649];
pen512.cl4.aupr = [0.50742, 0.53528, 0.47653, 0.49284, 0.52878];
pen512.cl8.acc = [0.592793, 0.618705, 0.600368, 0.578761, 0.640221];
pen512.cl8.f1 = [0.392754, 0.401475, 0.376872, 0.387722, 0.396115];
pen512.cl8.aupr = [0.50762, 0.53503, 0.47839, 0.49189, 0.53107];
pen512.cl16.acc = [0.583784, 0.633094, 0.587477, 0.59469, 0.627306];
pen512.cl16.f1 = [0.391107, 0.406391, 0.385191, 0.382068, 0.405405];
pen512.cl16.aupr = [0.5088, 0.53822, 0.47844, 0.49423, 0.5316];
pen512.cl32.acc = [0.583784, 0.629496, 0.594843, 0.59115, 0.623616];
pen512.cl32.f1 = [0.387814, 0.411307, 0.379368, 0.387722, 0.399493];
pen512.cl32.aupr = [0.51013, 0.53636, 0.47965, 0.49849, 0.52965];
pen512.cl52.acc = [0.605405, 0.638489, 0.593002, 0.59292, 0.625461];
pen512.cl52.f1 = [0.393578, 0.406391, 0.381864, 0.383683, 0.400338];
pen512.cl52.aupr = [0.51505, 0.54257, 0.48037, 0.50193, 0.5315];